owr : 3.3895494403412924e-05

e : 4.5383677262085866e-05

i : 0.0004034778060794058

ow : 3.018579541238269e-05

eyF : 0.0005291078610889132

ay0 : 7.860587545940087e-06

ey : 1.1538792185934013e-05

o : 1.1639426354331683e-05

ae : 0.00026694355989312623

uh : 0.0003155270454164809

oh : 0.00018865421845384696

ahr : 2.9476178301801777e-05

iy : 0.0001394295646331742

aeh : 3.740806956412297e-06

ay : 0.0003128321810048795

Tuw : 2.2958928109614755e-05

aeBR : 1.892260741544812e-06

aw : 6.985139605788162e-05

*hr : 6.926883024051978e-05

uw : 3.769437920721768e-05

eyr : 4.959961441363457e-06

owL : 5.59624115854291e-07

uwr : 1.814961097255948e-06

owF : 6.418722438602025e-05

iyr : 3.9857083097457754e-06

oy : 3.108511463134766e-06

u : 7.48688195534612e-06

ah : 1.0704033441501946e-06

uwL : 3.008776319337724e-07

