owr : 1.8840674003146757e-05

e : 6.955738195200302e-05

i : 0.0002068925764453143

ow : 1.357427037599711e-05

eyF : 0.0002232350914372895

ay0 : 3.3397778396998114e-06

ey : 5.7284299956700265e-06

o : 3.055315493285647e-05

ae : 0.0001309432732519317

uh : 0.00016379902227800757

oh : 8.101595249134636e-05

ahr : 1.662543648443592e-05

iy : 6.071358889913326e-05

aeh : 1.728068623696891e-06

ay : 0.00013396414548465067

Tuw : 1.0104003344851348e-05

aeBR : 1.3715015121640424e-06

aw : 3.634390708316492e-05

*hr : 2.9700325772773297e-05

uw : 3.9534854859375024e-05

eyr : 2.5513380580168613e-06

owL : 2.371524646022583e-07

uwr : 2.75629216152444e-06

owF : 2.7306827455652e-05

iyr : 2.694144602380005e-06

oy : 1.323134655864604e-06

u : 2.5861397537434854e-05

ah : 4.706131611209592e-07

uwL : 1.292981229558535e-07

