owr : 5.6496109891207095e-08

e : 4.3958287286517513e-07

i : 6.535723031251216e-07

ow : 1.1476058967871625e-07

eyF : 1.1637340250026515e-06

ay0 : 4.1017666893862616e-08

ey : 8.948303119245421e-08

o : 1.0239739271065875e-06

ae : 2.830123113674791e-07

uh : 1.6818059060408712e-06

oh : 2.3118216214156328e-07

ahr : 5.99158982516874e-08

iy : 4.6523387893490275e-07

aeh : 4.76385180900211e-08

ay : 7.009420336411877e-07

Tuw : 6.611451863124171e-08

aeBR : 7.807790891689252e-08

aw : 1.5207456894438944e-07

*hr : 1.526729532230709e-07

uw : 3.292335263333752e-07

eyr : 1.2762270861130423e-08

owL : 1.6290633271067417e-08

uwr : 3.4816896451376195e-08

owF : 1.115393019710017e-07

iyr : 9.550397333297003e-09

oy : 8.950613256470134e-09

u : 3.2362812188196835e-07

ah : 1.2607877537963426e-09

uwL : 4.972122611293368e-09

