owr : 0.0008098020569557666

e : 0.0005934862834847073

i : 0.0023739197616707798

ow : 0.0006925270276671765

eyF : 0.009667717677857878

ay0 : 0.0003972815627925591

ey : 0.00018822920884020085

o : 0.0010999036002231706

ae : 0.002205430137673313

uh : 0.0017688832842467498

oh : 0.0038972387683897944

ahr : 0.0012861956097802094

iy : 0.0014234431594538726

aeh : 0.0001517369270938331

ay : 0.004499184438771584

Tuw : 0.000335871588587915

aeBR : 0.00014567712772692074

aw : 0.0022982771384020316

*hr : 0.001643057154025673

uw : 0.0009002294060716716

eyr : 0.00035540491953268434

owL : 7.8944447683245e-05

uwr : 0.0008309676097861674

owF : 0.004072873956266749

iyr : 0.0004688198075169429

oy : 0.0004862237971847718

u : 0.0020768549954117183

ah : 0.0009325783108310291

uwL : 0.00010191313906148874

