owr : 7.091390163478287e-08

e : 1.976816095533555e-06

i : 1.1409956221561026e-05

ow : 7.165135906561495e-08

eyF : 7.154413360039616e-08

ay0 : 2.8564803865801594e-08

ey : 6.347152313022804e-08

o : 5.655900139109598e-07

ae : 2.009358930218632e-06

uh : 5.871158018099757e-07

oh : 9.452212908328309e-06

ahr : 5.90315707352023e-08

iy : 4.653127342462917e-07

aeh : 8.314625874034218e-09

ay : 2.717423246754101e-07

Tuw : 3.694803864626414e-08

aeBR : 1.3971471896796546e-08

aw : 3.082981035447445e-07

*hr : 9.050337498194583e-08

uw : 4.741993664294762e-07

eyr : 7.270139524039034e-09

owL : 1.941000019836327e-09

uwr : 3.89606312643222e-09

owF : 5.934883711616116e-08

iyr : 9.136018440902434e-09

oy : 2.7203227608940584e-09

u : 3.634650646271787e-07

ah : 3.0322196119675665e-10

uwL : 1.5467619380581903e-09

